BoneCount: 67
RootBone: 0
BoneName: -516943080
BoneIndex: 0
ParentIndex: -1
ChildCount: 2
1
2
-1.000000 0.000000 0.000000 0.000000
0.000000 1.000000 0.000000 0.000000
-0.000000 0.000000 -1.000000 0.000000
0.000000 0.000000 0.000000 1.000000
1.000000 0.000000 0.000000 0.000000
0.000000 1.000000 0.000000 0.000000
0.000000 0.000000 1.000000 0.000000
0.000000 0.000000 0.000000 1.000000
BoneName: -516942760
BoneIndex: 1
ParentIndex: 0
ChildCount: 0
1.000000 0.000000 -0.000000 0.000000
0.000000 1.000000 -0.000000 0.000000
-0.000000 -0.000000 1.000000 -0.000000
0.000000 0.000000 -0.000000 1.000000
1.000000 0.000000 0.000000 0.000000
0.000000 1.000000 0.000000 0.000000
0.000000 0.000000 1.000000 0.000000
0.000000 0.000000 0.000000 1.000000
BoneName: -516942120
BoneIndex: 2
ParentIndex: 0
ChildCount: 3
3
57
62
1.000000 0.000000 -0.000000 0.000000
0.000000 1.000000 -0.000000 0.000000
-0.000000 -0.000000 1.000000 -0.000000
0.000029 0.965441 -0.059614 1.000000
1.000000 0.000000 -0.000000 0.000000
0.000000 1.000000 -0.000000 0.000000
-0.000000 -0.000000 1.000000 -0.000000
-0.000029 -0.965441 0.059614 1.000000
BoneName: -516940520
BoneIndex: 3
ParentIndex: 2
ChildCount: 1
4
1.000000 0.000000 -0.000000 0.000000
0.000000 0.984346 0.176247 0.000000
-0.000000 -0.176247 0.984346 -0.000000
0.000000 0.074635 0.013363 1.000000
1.000000 0.000000 -0.000000 0.000000
0.000000 0.984346 -0.176247 0.000000
-0.000000 0.176247 0.984346 -0.000000
-0.000029 -1.015643 0.228837 1.000000
BoneName: -516825152
BoneIndex: 4
ParentIndex: 3
ChildCount: 1
5
1.000000 0.000000 -0.000000 0.000000
0.000000 1.000000 -0.000000 0.000000
-0.000000 -0.000000 1.000000 -0.000000
0.000000 0.088459 -0.000000 1.000000
1.000000 0.000000 -0.000000 0.000000
0.000000 0.984346 -0.176247 0.000000
-0.000000 0.176247 0.984346 -0.000000
-0.000029 -1.104101 0.228837 1.000000
BoneName: -516824576
BoneIndex: 5
ParentIndex: 4
ChildCount: 3
6
9
33
1.000000 0.000000 -0.000000 0.000000
0.000000 1.000000 -0.000000 0.000000
-0.000000 -0.000000 1.000000 -0.000000
0.000000 0.101096 -0.000000 1.000000
1.000000 0.000000 -0.000000 0.000000
0.000000 0.984346 -0.176247 0.000000
-0.000000 0.176247 0.984346 -0.000000
-0.000029 -1.205197 0.228837 1.000000
BoneName: -516941800
BoneIndex: 6
ParentIndex: 5
ChildCount: 1
7
1.000000 0.000000 -0.000000 0.000000
0.000000 0.984346 -0.176247 0.000000
-0.000000 0.176247 0.984346 -0.000000
0.000000 0.113733 -0.000000 1.000000
1.000000 0.000000 -0.000000 0.000000
0.000000 1.000000 0.000000 0.000000
-0.000000 -0.000000 1.000000 -0.000000
-0.000029 -1.338615 -0.007203 1.000000
BoneName: -516943400
BoneIndex: 7
ParentIndex: 6
ChildCount: 1
8
1.000000 0.000000 -0.000000 0.000000
0.000000 1.000000 -0.000000 0.000000
-0.000000 -0.000000 1.000000 -0.000000
0.000000 0.088591 -0.027006 1.000000
1.000000 0.000000 -0.000000 0.000000
0.000000 1.000000 0.000000 0.000000
-0.000000 -0.000000 1.000000 -0.000000
-0.000029 -1.427206 0.019803 1.000000
BoneName: -516828320
BoneIndex: 8
ParentIndex: 7
ChildCount: 0
1.000000 0.000000 -0.000000 0.000000
0.000000 1.000000 -0.000000 0.000000
-0.000000 -0.000000 1.000000 -0.000000
0.000000 0.264197 -0.015283 1.000000
1.000000 0.000000 0.000000 0.000000
0.000000 1.000000 0.000000 0.000000
0.000000 0.000000 1.000000 0.000000
0.000000 0.000000 0.000000 1.000000
BoneName: -516827264
BoneIndex: 9
ParentIndex: 5
ChildCount: 1
10
-0.052992 0.001125 0.998594 0.000000
0.924598 -0.377716 0.049490 0.000000
0.377241 0.925921 0.018976 -0.000000
0.048952 0.095102 0.002491 1.000000
-0.052992 0.924598 0.377241 0.000000
-0.174892 -0.380526 0.908082 0.000000
0.983160 -0.017856 0.181870 -0.000000
0.227161 0.457058 -1.218157 1.000000
BoneName: -516826496
BoneIndex: 10
ParentIndex: 9
ChildCount: 1
11
0.999599 -0.028322 -0.000000 0.000000
0.026838 0.947214 0.319477 0.000000
-0.009048 -0.319348 0.947594 -0.000000
0.000000 0.093189 -0.000000 1.000000
-0.079157 0.994890 0.062682 0.000000
-0.164045 -0.075022 0.983596 0.000000
0.983272 0.067576 0.169145 -0.000000
0.216765 -0.038414 -1.272575 1.000000
BoneName: -516827168
BoneIndex: 11
ParentIndex: 10
ChildCount: 1
12
0.993073 0.117503 -0.000000 0.000000
-0.117443 0.992563 0.032033 0.000000
0.003764 -0.031811 0.999487 -0.000000
0.000000 0.184317 0.000000 1.000000
0.038294 0.998795 0.030703 0.000000
-0.171724 -0.023690 0.984860 0.000000
0.984401 -0.042987 0.170610 -0.000000
0.189091 -0.287297 -1.264020 1.000000
BoneName: -516827072
BoneIndex: 12
ParentIndex: 11
ChildCount: 5
13
17
21
25
29
0.985949 -0.071061 0.151180 0.000000
0.074048 0.997153 -0.014214 0.000000
-0.149740 0.025209 0.988404 -0.000000
0.000000 0.266899 0.000000 1.000000
-0.028578 0.998351 0.049791 0.000000
-0.018736 -0.050337 0.998556 0.000000
0.999416 0.027603 0.020144 -0.000000
0.034721 -0.520650 -1.291648 1.000000
BoneName: -516826880
BoneIndex: 13
ParentIndex: 12
ChildCount: 1
14
0.834971 0.550294 -0.000000 0.000000
-0.531313 0.806170 -0.260376 0.000000
-0.143283 0.217406 0.965507 -0.000000
-0.031292 0.030362 -0.011481 1.000000
0.525525 0.807060 0.269216 0.000000
-0.043345 -0.290625 0.955855 0.000000
0.849673 -0.513995 -0.117749 -0.000000
-0.248099 -0.145960 -1.365263 1.000000
BoneName: -516826304
BoneIndex: 14
ParentIndex: 13
ChildCount: 1
15
1.000000 0.000000 -0.000000 0.000000
0.000000 0.985162 -0.171626 0.000000
-0.000000 0.171626 0.985162 -0.000000
-0.007536 0.035274 0.000000 1.000000
0.525525 0.748881 0.403733 0.000000
-0.043345 -0.450362 0.891793 0.000000
0.849673 -0.486159 -0.204217 -0.000000
-0.240563 0.055769 -1.376110 1.000000
BoneName: -516826208
BoneIndex: 15
ParentIndex: 14
ChildCount: 1
16
1.000000 0.000000 -0.000000 0.000000
0.000000 0.993955 0.109793 0.000000
-0.000000 -0.109793 0.993955 -0.000000
0.002092 0.031807 0.000000 1.000000
0.525525 0.788681 0.319071 0.000000
-0.043345 -0.349727 0.935848 0.000000
0.849673 -0.505642 -0.149606 -0.000000
-0.242656 -0.127269 -1.370422 1.000000
BoneName: -516828128
BoneIndex: 16
ParentIndex: 15
ChildCount: 0
1.000000 0.000000 -0.000000 0.000000
0.000000 1.000000 -0.000000 0.000000
-0.000000 -0.000000 1.000000 -0.000000
0.005444 0.025213 -0.000000 1.000000
1.000000 0.000000 0.000000 0.000000
0.000000 1.000000 0.000000 0.000000
0.000000 0.000000 1.000000 0.000000
0.000000 0.000000 0.000000 1.000000
BoneName: -516828416
BoneIndex: 17
ParentIndex: 12
ChildCount: 1
18
0.992090 0.125530 -0.000000 0.000000
-0.125409 0.991127 -0.044035 0.000000
-0.005528 0.043687 0.999030 -0.000000
-0.035773 0.098940 -0.001189 1.000000
0.096972 0.990884 0.093516 0.000000
-0.024907 -0.091513 0.995492 0.000000
0.994975 -0.098864 0.015806 -0.000000
-0.007840 -0.566108 -1.316665 1.000000
BoneName: -516826112
BoneIndex: 18
ParentIndex: 17
ChildCount: 1
19
1.000000 0.000000 -0.000000 0.000000
0.000000 0.986958 -0.160980 0.000000
-0.000000 0.160980 0.986958 -0.000000
0.000135 0.032186 0.000000 1.000000
0.096972 0.962906 0.251809 0.000000
-0.024907 -0.250574 0.967777 0.000000
0.994975 -0.100119 -0.000316 -0.000000
-0.007975 -0.378533 -1.395806 1.000000
BoneName: -516825824
BoneIndex: 19
ParentIndex: 18
ChildCount: 1
20
1.000000 0.000000 -0.000000 0.000000
0.000000 0.999734 -0.023080 0.000000
-0.000000 0.023080 0.999734 -0.000000
-0.000060 0.029207 -0.000000 1.000000
0.096972 0.956838 0.273965 0.000000
-0.024907 -0.272843 0.961736 0.000000
0.994975 -0.100085 -0.002626 -0.000000
-0.007915 -0.375417 -1.404844 1.000000
BoneName: -516825632
BoneIndex: 20
ParentIndex: 19
ChildCount: 0
1.000000 0.000000 -0.000000 0.000000
0.000000 1.000000 -0.000000 0.000000
-0.000000 -0.000000 1.000000 -0.000000
-0.000075 0.025371 -0.000000 1.000000
1.000000 0.000000 0.000000 0.000000
0.000000 1.000000 0.000000 0.000000
0.000000 0.000000 1.000000 0.000000
0.000000 0.000000 0.000000 1.000000
BoneName: -516886080
BoneIndex: 21
ParentIndex: 12
ChildCount: 1
22
0.997332 0.072997 -0.000000 0.000000
-0.072764 0.994141 -0.079935 0.000000
-0.005835 0.079721 0.996800 -0.000000
-0.009928 0.102241 0.002797 1.000000
0.044375 0.990601 0.129388 0.000000
-0.022361 -0.128498 0.991458 0.000000
0.998765 -0.046890 0.016448 -0.000000
-0.000939 -0.519019 -1.340221 1.000000
BoneName: -483979664
BoneIndex: 22
ParentIndex: 21
ChildCount: 1
23
1.000000 0.000000 -0.000000 0.000000
0.000000 0.982868 -0.184308 0.000000
-0.000000 0.184308 0.982868 -0.000000
0.000049 0.034932 -0.000000 1.000000
0.044375 0.949783 0.309748 0.000000
-0.022361 -0.309031 0.950789 0.000000
0.998765 -0.049118 0.007524 -0.000000
-0.000988 -0.297447 -1.419359 1.000000
BoneName: -483979376
BoneIndex: 23
ParentIndex: 22
ChildCount: 1
24
1.000000 0.000000 -0.000000 0.000000
0.000000 0.972083 0.234635 0.000000
-0.000000 -0.234635 0.972083 -0.000000
-0.000130 0.032600 -0.000000 1.000000
0.044375 0.995946 0.078248 0.000000
-0.022361 -0.077315 0.996756 0.000000
0.998765 -0.045981 0.018839 -0.000000
-0.000857 -0.653865 -1.302294 1.000000
BoneName: -483979280
BoneIndex: 24
ParentIndex: 23
ChildCount: 0
1.000000 0.000000 -0.000000 0.000000
0.000000 1.000000 -0.000000 0.000000
-0.000000 -0.000000 1.000000 -0.000000
0.000081 0.029068 -0.000000 1.000000
1.000000 0.000000 0.000000 0.000000
0.000000 1.000000 0.000000 0.000000
0.000000 0.000000 1.000000 0.000000
0.000000 0.000000 0.000000 1.000000
BoneName: -483979472
BoneIndex: 25
ParentIndex: 12
ChildCount: 1
26
0.999990 0.004379 -0.000000 0.000000
-0.004342 0.991393 -0.130849 0.000000
-0.000573 0.130848 0.991402 -0.000000
0.011880 0.105489 0.002573 1.000000
-0.024205 0.983367 0.180011 0.000000
-0.018956 -0.180483 0.983395 0.000000
0.999527 0.020391 0.023010 -0.000000
0.020100 -0.451502 -1.365035 1.000000
BoneName: -483981104
BoneIndex: 26
ParentIndex: 25
ChildCount: 1
27
1.000000 0.000000 -0.000000 0.000000
0.000000 0.986701 -0.162546 0.000000
-0.000000 0.162546 0.986701 -0.000000
0.000018 0.029397 -0.000000 1.000000
-0.024205 0.941029 0.337460 0.000000
-0.018956 -0.337930 0.940980 0.000000
0.999527 0.016379 0.026018 -0.000000
0.020082 -0.252622 -1.425050 1.000000
BoneName: -483978128
BoneIndex: 27
ParentIndex: 26
ChildCount: 1
28
1.000000 0.000000 -0.000000 0.000000
0.000000 0.974956 0.222398 0.000000
-0.000000 -0.222398 0.974956 -0.000000
-0.000056 0.027898 0.000000 1.000000
-0.024205 0.992512 0.119725 0.000000
-0.018956 -0.120195 0.992569 0.000000
0.999527 0.021756 0.021724 -0.000000
0.020138 -0.590423 -1.326974 1.000000
BoneName: -483980624
BoneIndex: 28
ParentIndex: 27
ChildCount: 0
1.000000 0.000000 -0.000000 0.000000
0.000000 1.000000 -0.000000 0.000000
-0.000000 -0.000000 1.000000 -0.000000
0.000038 0.024135 0.000000 1.000000
1.000000 0.000000 0.000000 0.000000
0.000000 1.000000 0.000000 0.000000
0.000000 0.000000 1.000000 0.000000
0.000000 0.000000 0.000000 1.000000
BoneName: -483980816
BoneIndex: 29
ParentIndex: 12
ChildCount: 1
30
0.999910 0.013423 -0.000000 0.000000
-0.013420 0.999681 -0.021401 0.000000
-0.000287 0.021399 0.999771 -0.000000
0.033822 0.098254 -0.001498 1.000000
-0.015174 0.997350 0.071151 0.000000
-0.019410 -0.071440 0.997256 0.000000
0.999696 0.013751 0.020443 -0.000000
-0.007408 -0.591109 -1.303098 1.000000
BoneName: -483980240
BoneIndex: 30
ParentIndex: 29
ChildCount: 1
31
1.000000 0.000000 -0.000000 0.000000
0.000000 0.961442 -0.275008 0.000000
-0.000000 0.275008 0.961442 -0.000000
0.000054 0.025491 0.000000 1.000000
-0.015174 0.939327 0.342687 0.000000
-0.019410 -0.342938 0.939157 0.000000
0.999696 0.007599 0.023436 -0.000000
-0.007462 -0.234463 -1.422423 1.000000
BoneName: -483980432
BoneIndex: 31
ParentIndex: 30
ChildCount: 1
32
1.000000 0.000000 -0.000000 0.000000
0.000000 0.981723 0.190316 0.000000
-0.000000 -0.190316 0.981723 -0.000000
-0.000064 0.022691 -0.000000 1.000000
-0.015174 0.987378 0.157655 0.000000
-0.019410 -0.157934 0.987259 0.000000
0.999696 0.011921 0.021562 -0.000000
-0.007398 -0.523163 -1.347485 1.000000
BoneName: -483980144
BoneIndex: 32
ParentIndex: 31
ChildCount: 0
1.000000 0.000000 -0.000000 0.000000
0.000000 1.000000 -0.000000 0.000000
-0.000000 -0.000000 1.000000 -0.000000
0.000010 0.018128 -0.000000 1.000000
1.000000 0.000000 0.000000 0.000000
0.000000 1.000000 0.000000 0.000000
0.000000 0.000000 1.000000 0.000000
0.000000 0.000000 0.000000 1.000000
BoneName: -483978608
BoneIndex: 33
ParentIndex: 5
ChildCount: 1
34
-0.089947 -0.003054 -0.995942 0.000000
-0.924598 -0.371422 0.084643 0.000000
-0.370173 0.928459 0.030585 -0.000000
-0.048952 0.095395 0.004128 1.000000
-0.089947 -0.924598 -0.370173 0.000000
0.172526 -0.380526 0.908535 0.000000
-0.980890 0.017856 0.193744 -0.000000
-0.224225 0.456855 -1.218784 1.000000
BoneName: -483981584
BoneIndex: 34
ParentIndex: 33
ChildCount: 1
35
0.999386 -0.035025 0.000000 0.000000
0.033310 0.950454 0.309075 0.000000
-0.010825 -0.308885 0.951038 -0.000000
-0.000000 0.093189 -0.000000 1.000000
-0.057508 -0.996195 -0.065481 0.000000
0.185748 -0.075120 0.979722 0.000000
-0.980913 0.044179 0.189361 -0.000000
-0.236825 -0.038517 -1.269014 1.000000
BoneName: -483981488
BoneIndex: 35
ParentIndex: 34
ChildCount: 1
36
0.995203 -0.097829 -0.000000 0.000000
0.097773 0.994643 0.033549 0.000000
-0.003282 -0.033389 0.999437 -0.000000
0.000000 0.184076 -0.000000 1.000000
0.040224 -0.998678 -0.031993 0.000000
0.192206 -0.023688 0.981069 0.000000
-0.980530 -0.045612 0.190999 -0.000000
-0.213913 -0.287130 -1.260090 1.000000
BoneName: -483978416
BoneIndex: 36
ParentIndex: 35
ChildCount: 5
37
41
45
49
53
0.983092 0.075621 -0.166769 0.000000
-0.078804 0.996811 -0.012545 0.000000
0.165288 0.025475 0.985916 -0.000000
0.000000 0.266930 -0.000000 1.000000
-0.030641 -0.998262 -0.050336 0.000000
0.023553 -0.051066 0.998417 0.000000
-0.999253 0.029407 0.025077 -0.000000
-0.042051 -0.519628 -1.291815 1.000000
BoneName: -483978224
BoneIndex: 37
ParentIndex: 36
ChildCount: 1
38
0.810946 -0.585122 -0.000000 0.000000
0.564842 0.782840 -0.260989 0.000000
0.152710 0.211648 0.965342 -0.000000
0.031717 0.030069 -0.011610 1.000000
0.559257 -0.785649 -0.264551 0.000000
0.048980 -0.287249 0.956603 0.000000
-0.827546 -0.547944 -0.122165 -0.000000
0.261818 -0.137871 -1.363443 1.000000
BoneName: -483981872
BoneIndex: 38
ParentIndex: 37
ChildCount: 1
39
1.000000 0.000000 -0.000000 0.000000
0.000000 0.983815 -0.179185 0.000000
-0.000000 0.179185 0.983815 -0.000000
0.006501 0.035587 -0.000000 1.000000
0.559257 -0.725531 -0.401045 0.000000
0.048980 -0.454009 0.889650 0.000000
-0.827546 -0.517186 -0.218371 -0.000000
0.255317 0.073657 -1.372457 1.000000
BoneName: -483981296
BoneIndex: 39
ParentIndex: 38
ChildCount: 1
40
1.000000 0.000000 -0.000000 0.000000
0.000000 0.994710 0.102720 0.000000
-0.000000 -0.102720 0.994710 -0.000000
-0.004177 0.032464 0.000000 1.000000
0.559257 -0.762888 -0.324398 0.000000
0.048980 -0.360223 0.931579 0.000000
-0.827546 -0.536881 -0.164091 -0.000000
0.259493 -0.100003 -1.369429 1.000000
BoneName: -483981008
BoneIndex: 40
ParentIndex: 39
ChildCount: 0
1.000000 0.000000 -0.000000 0.000000
0.000000 1.000000 -0.000000 0.000000
-0.000000 -0.000000 1.000000 -0.000000
-0.002325 0.027004 0.000000 1.000000
1.000000 0.000000 0.000000 0.000000
0.000000 1.000000 0.000000 0.000000
0.000000 0.000000 1.000000 0.000000
0.000000 0.000000 0.000000 1.000000
BoneName: -483980720
BoneIndex: 41
ParentIndex: 36
ChildCount: 1
42
0.989289 -0.145969 -0.000000 0.000000
0.145565 0.986549 -0.074382 0.000000
0.010857 0.073585 0.997230 -0.000000
0.035024 0.098262 -0.000375 1.000000
0.115403 -0.985550 -0.123986 0.000000
0.030755 -0.121215 0.992150 0.000000
-0.992843 -0.118310 0.016322 -0.000000
0.013943 -0.524737 -1.334167 1.000000
BoneName: -483360848
BoneIndex: 42
ParentIndex: 41
ChildCount: 1
43
1.000000 0.000000 -0.000000 0.000000
0.000000 0.992729 -0.120374 0.000000
-0.000000 0.120374 0.992729 -0.000000
-0.000097 0.031468 0.000000 1.000000
0.115403 -0.963459 -0.241719 0.000000
0.030755 -0.239763 0.970344 0.000000
-0.992843 -0.119415 0.001962 -0.000000
0.014040 -0.391562 -1.391418 1.000000
BoneName: -483361424
BoneIndex: 43
ParentIndex: 42
ChildCount: 1
44
1.000000 0.000000 -0.000000 0.000000
0.000000 0.997853 -0.065489 0.000000
-0.000000 0.065489 0.997853 -0.000000
0.000023 0.029733 0.000000 1.000000
0.115403 -0.945561 -0.304297 0.000000
0.030755 -0.302795 0.952559 0.000000
-0.992843 -0.119287 -0.005863 -0.000000
0.014017 -0.329267 -1.416022 1.000000
BoneName: -483363248
BoneIndex: 44
ParentIndex: 43
ChildCount: 0
1.000000 0.000000 -0.000000 0.000000
0.000000 1.000000 -0.000000 0.000000
-0.000000 -0.000000 1.000000 -0.000000
0.000074 0.025589 -0.000000 1.000000
1.000000 0.000000 0.000000 0.000000
0.000000 1.000000 0.000000 0.000000
0.000000 0.000000 1.000000 0.000000
0.000000 0.000000 0.000000 1.000000
BoneName: -483361232
BoneIndex: 45
ParentIndex: 36
ChildCount: 1
46
0.998214 -0.059740 -0.000000 0.000000
0.059706 0.997639 -0.033941 0.000000
0.002028 0.033881 0.999424 -0.000000
0.010350 0.100684 0.001375 1.000000
0.029050 -0.996026 -0.084191 0.000000
0.026562 -0.083427 0.996160 0.000000
-0.999225 -0.031175 0.024032 -0.000000
-0.015250 -0.578083 -1.313568 1.000000
BoneName: -483360752
BoneIndex: 46
ParentIndex: 45
ChildCount: 1
47
1.000000 0.000000 -0.000000 0.000000
0.000000 0.975623 -0.219454 0.000000
-0.000000 0.219454 0.975623 -0.000000
-0.000064 0.034316 -0.000000 1.000000
0.029050 -0.953270 -0.300720 0.000000
0.026562 -0.300005 0.953568 0.000000
-0.999225 -0.035689 0.016605 -0.000000
-0.015186 -0.309203 -1.415940 1.000000
BoneName: -483362960
BoneIndex: 47
ParentIndex: 46
ChildCount: 1
48
1.000000 0.000000 -0.000000 0.000000
0.000000 0.996268 0.086313 0.000000
-0.000000 -0.086313 0.996268 -0.000000
0.000055 0.032092 -0.000000 1.000000
0.029050 -0.975668 -0.217319 0.000000
0.026562 -0.216580 0.975903 0.000000
-0.999225 -0.034123 0.019624 -0.000000
-0.015241 -0.462235 -1.381198 1.000000
BoneName: -483362288
BoneIndex: 48
ParentIndex: 47
ChildCount: 0
1.000000 0.000000 -0.000000 0.000000
0.000000 1.000000 -0.000000 0.000000
-0.000000 -0.000000 1.000000 -0.000000
0.000009 0.027505 0.000000 1.000000
1.000000 0.000000 0.000000 0.000000
0.000000 1.000000 0.000000 0.000000
0.000000 0.000000 1.000000 0.000000
0.000000 0.000000 0.000000 1.000000
BoneName: -483363824
BoneIndex: 49
ParentIndex: 36
ChildCount: 1
50
0.999985 -0.005428 -0.000000 0.000000
0.005391 0.993245 -0.115914 0.000000
0.000629 0.115912 0.993259 -0.000000
-0.011444 0.103771 0.002872 1.000000
-0.025222 -0.985849 -0.165726 0.000000
0.023830 -0.166324 0.985783 0.000000
-0.999398 0.020914 0.027688 -0.000000
-0.027222 -0.469280 -1.358239 1.000000
BoneName: -483361904
BoneIndex: 50
ParentIndex: 49
ChildCount: 1
51
1.000000 0.000000 -0.000000 0.000000
0.000000 0.980257 -0.197728 0.000000
-0.000000 0.197728 0.980257 -0.000000
-0.000005 0.030341 -0.000000 1.000000
-0.025222 -0.933617 -0.357384 0.000000
0.023830 -0.357958 0.933434 0.000000
-0.999398 0.015026 0.031276 -0.000000
-0.027217 -0.221195 -1.430212 1.000000
BoneName: -483361712
BoneIndex: 51
ParentIndex: 50
ChildCount: 1
52
1.000000 0.000000 -0.000000 0.000000
0.000000 0.938058 0.346478 0.000000
-0.000000 -0.346478 0.938058 -0.000000
0.000032 0.029316 0.000000 1.000000
-0.025222 -0.999613 -0.011769 0.000000
0.023830 -0.012371 0.999640 0.000000
-0.999398 0.024932 0.024133 -0.000000
-0.027249 -0.730531 -1.254825 1.000000
BoneName: -483361520
BoneIndex: 52
ParentIndex: 51
ChildCount: 0
1.000000 0.000000 -0.000000 0.000000
0.000000 1.000000 -0.000000 0.000000
-0.000000 -0.000000 1.000000 -0.000000
-0.000027 0.026535 0.000000 1.000000
1.000000 0.000000 0.000000 0.000000
0.000000 1.000000 0.000000 0.000000
0.000000 0.000000 1.000000 0.000000
0.000000 0.000000 0.000000 1.000000
BoneName: -483364016
BoneIndex: 53
ParentIndex: 36
ChildCount: 1
54
0.999480 -0.032255 -0.000000 0.000000
0.032253 0.999422 -0.010695 0.000000
0.000345 0.010689 0.999943 -0.000000
-0.033931 0.097888 -0.001507 1.000000
0.001574 -0.998136 -0.061014 0.000000
0.025188 -0.060955 0.997823 0.000000
-0.999681 -0.003107 0.025045 -0.000000
0.011802 -0.603621 -1.296838 1.000000
BoneName: -483361136
BoneIndex: 54
ParentIndex: 53
ChildCount: 1
55
1.000000 0.000000 -0.000000 0.000000
0.000000 0.953656 -0.300898 0.000000
-0.000000 0.300898 0.953656 -0.000000
-0.000035 0.026773 -0.000000 1.000000
0.001574 -0.933519 -0.358523 0.000000
0.025188 -0.358373 0.933239 0.000000
-0.999681 -0.010499 0.022949 -0.000000
0.011837 -0.210964 -1.426422 1.000000
BoneName: -483363632
BoneIndex: 55
ParentIndex: 54
ChildCount: 1
56
1.000000 0.000000 -0.000000 0.000000
0.000000 0.971103 0.238662 0.000000
-0.000000 -0.238662 0.971103 -0.000000
0.000046 0.022579 -0.000000 1.000000
0.001574 -0.992109 -0.125368 0.000000
0.025188 -0.125289 0.991801 0.000000
-0.999681 -0.004719 0.024792 -0.000000
0.011791 -0.567226 -1.329465 1.000000
BoneName: -483364496
BoneIndex: 56
ParentIndex: 55
ChildCount: 0
1.000000 0.000000 -0.000000 0.000000
0.000000 1.000000 -0.000000 0.000000
-0.000000 -0.000000 1.000000 -0.000000
-0.000011 0.019257 0.000000 1.000000
1.000000 0.000000 0.000000 0.000000
0.000000 1.000000 0.000000 0.000000
0.000000 0.000000 1.000000 0.000000
0.000000 0.000000 0.000000 1.000000
BoneName: -483364208
BoneIndex: 57
ParentIndex: 2
ChildCount: 1
58
-0.999771 0.021359 -0.001569 0.000000
-0.021417 -0.997084 0.073249 0.000000
-0.000000 0.073266 0.997312 -0.000000
0.096024 -0.041574 0.005518 1.000000
-0.999771 -0.021417 -0.000000 0.000000
0.021359 -0.997084 0.073266 0.000000
-0.001569 0.073249 0.997312 -0.000000
0.076213 0.927192 -0.013737 1.000000
BoneName: -483363920
BoneIndex: 58
ParentIndex: 57
ChildCount: 1
59
0.999543 -0.030236 -0.000000 0.000000
0.030236 0.999531 0.004846 0.000000
-0.000147 -0.004844 0.999988 -0.000000
-0.000000 0.407030 0.000000 1.000000
-0.998666 -0.051636 0.000250 0.000000
0.051497 -0.995615 0.078091 0.000000
-0.003783 0.078000 0.996946 -0.000000
0.060450 0.522155 -0.016268 1.000000
BoneName: -483363152
BoneIndex: 59
ParentIndex: 58
ChildCount: 1
60
0.997346 0.000000 0.072808 0.000000
0.066117 0.418754 -0.905690 0.000000
-0.030489 0.908100 0.417643 -0.000000
0.000000 0.455841 0.000000 1.000000
-0.995997 -0.087878 -0.016338 0.000000
0.057046 -0.484240 -0.873074 0.000000
0.068812 -0.870511 0.487315 -0.000000
0.059105 0.046500 0.051583 1.000000
BoneName: -483362768
BoneIndex: 60
ParentIndex: 59
ChildCount: 1
61
0.992679 -0.000000 0.120779 0.000000
0.059772 0.868954 -0.491270 0.000000
-0.104951 0.494893 0.862593 -0.000000
-0.000000 0.120767 -0.000000 1.000000
-0.990679 -0.127869 0.046948 0.000000
-0.048820 0.011543 -0.998741 0.000000
0.127166 -0.991724 -0.017678 -0.000000
0.064903 -0.086343 0.001537 1.000000
BoneName: -483362480
BoneIndex: 61
ParentIndex: 60
ChildCount: 0
1.000000 0.000000 -0.000000 0.000000
0.000000 1.000000 -0.000000 0.000000
-0.000000 -0.000000 1.000000 -0.000000
0.000000 0.047097 -0.000000 1.000000
1.000000 0.000000 0.000000 0.000000
0.000000 1.000000 0.000000 0.000000
0.000000 0.000000 1.000000 0.000000
0.000000 0.000000 0.000000 1.000000
BoneName: -482903232
BoneIndex: 62
ParentIndex: 2
ChildCount: 1
63
-0.999771 -0.021334 0.001734 0.000000
0.021404 -0.996485 0.080988 0.000000
-0.000000 0.081007 0.996714 -0.000000
-0.096024 -0.041574 -0.000175 1.000000
-0.999771 0.021404 0.000000 0.000000
-0.021334 -0.996485 0.081007 0.000000
0.001734 0.080988 0.996714 -0.000000
-0.076159 0.927516 -0.015247 1.000000
BoneName: -482904480
BoneIndex: 63
ParentIndex: 62
ChildCount: 1
64
0.999541 0.030280 -0.000000 0.000000
-0.030279 0.999487 -0.010484 0.000000
-0.000317 0.010479 0.999945 -0.000000
0.000000 0.407275 -0.000000 1.000000
-0.998664 0.051665 0.000542 0.000000
-0.051498 -0.996177 0.070566 0.000000
0.004185 0.070444 0.997507 -0.000000
-0.060371 0.522440 -0.009770 1.000000
BoneName: -482901888
BoneIndex: 64
ParentIndex: 63
ChildCount: 1
65
0.997058 0.000000 -0.076654 0.000000
-0.068689 0.443880 -0.893450 0.000000
0.034025 0.896086 0.442574 -0.000000
0.000000 0.455584 0.000000 1.000000
-0.995768 0.091046 0.012556 0.000000
-0.056755 -0.501693 -0.863182 0.000000
-0.072290 -0.860241 0.504737 -0.000000
-0.059445 0.042552 0.053530 1.000000
BoneName: -482901792
BoneIndex: 65
ParentIndex: 64
ChildCount: 1
66
0.994522 0.000000 -0.104531 0.000000
-0.053491 0.859150 -0.508920 0.000000
0.089808 0.511723 0.854444 -0.000000
0.000000 0.116565 0.000000 1.000000
-0.991625 0.125096 -0.032109 0.000000
0.033784 0.011296 -0.999365 0.000000
-0.124654 -0.992080 -0.015428 -0.000000
-0.064714 -0.087651 0.002526 1.000000
BoneName: -482903616
BoneIndex: 66
ParentIndex: 65
ChildCount: 0
1.000000 0.000000 -0.000000 0.000000
0.000000 1.000000 -0.000000 0.000000
-0.000000 -0.000000 1.000000 -0.000000
0.000000 0.048141 -0.000000 1.000000
1.000000 0.000000 0.000000 0.000000
0.000000 1.000000 0.000000 0.000000
0.000000 0.000000 1.000000 0.000000
0.000000 0.000000 0.000000 1.000000
