BoneCount: 112
RootBone: 0
BoneName: 743840888
BoneIndex: 0
ParentIndex: -1
ChildCount: 4
1
2
3
4
1.000000 0.000000 -0.000000 0.000000
0.000000 1.000000 -0.000000 0.000000
-0.000000 -0.000000 1.000000 -0.000000
0.000000 0.000000 -0.000000 1.000000
1.000000 0.000000 0.000000 0.000000
0.000000 1.000000 0.000000 0.000000
0.000000 0.000000 1.000000 0.000000
0.000000 0.000000 0.000000 1.000000
BoneName: 743838648
BoneIndex: 1
ParentIndex: 0
ChildCount: 0
1.000000 -0.000000 -0.000000 0.000000
-0.000000 -0.000000 1.000000 0.000000
-0.000000 -1.000000 -0.000000 -0.000000
0.000000 0.000000 -0.000000 1.000000
1.000000 0.000000 0.000000 0.000000
0.000000 1.000000 0.000000 0.000000
0.000000 0.000000 1.000000 0.000000
0.000000 0.000000 0.000000 1.000000
BoneName: 743840568
BoneIndex: 2
ParentIndex: 0
ChildCount: 0
1.000000 -0.000000 -0.000000 0.000000
-0.000000 -0.000000 1.000000 0.000000
-0.000000 -1.000000 -0.000000 -0.000000
0.000000 0.000000 -0.000000 1.000000
1.000000 0.000000 0.000000 0.000000
0.000000 1.000000 0.000000 0.000000
0.000000 0.000000 1.000000 0.000000
0.000000 0.000000 0.000000 1.000000
BoneName: 743839288
BoneIndex: 3
ParentIndex: 0
ChildCount: 0
1.000000 -0.000000 -0.000000 0.000000
-0.000000 -0.000000 1.000000 0.000000
-0.000000 -1.000000 -0.000000 -0.000000
0.000000 0.000000 -0.000000 1.000000
1.000000 0.000000 0.000000 0.000000
0.000000 1.000000 0.000000 0.000000
0.000000 0.000000 1.000000 0.000000
0.000000 0.000000 0.000000 1.000000
BoneName: 743839608
BoneIndex: 4
ParentIndex: 0
ChildCount: 1
5
1.000000 0.000000 -0.000000 0.000000
0.000000 -0.000000 1.000000 0.000000
-0.000000 -1.000000 -0.000000 -0.000000
0.000000 0.000000 -0.000000 1.000000
1.000000 0.000000 0.000000 0.000000
0.000000 1.000000 0.000000 0.000000
0.000000 0.000000 1.000000 0.000000
0.000000 0.000000 0.000000 1.000000
BoneName: 743837368
BoneIndex: 5
ParentIndex: 4
ChildCount: 3
6
94
103
0.864412 -0.502784 0.000001 0.000000
0.042124 0.072421 -0.996484 0.000000
0.501016 0.861373 0.083781 -0.000000
-0.010662 -0.018330 -0.888886 1.000000
1.000000 0.000000 0.000000 0.000000
0.000000 1.000000 0.000000 0.000000
0.000000 0.000000 1.000000 0.000000
0.000000 0.000000 0.000000 1.000000
BoneName: 743840248
BoneIndex: 6
ParentIndex: 5
ChildCount: 1
7
0.999978 0.000334 -0.006587 0.000000
-0.000000 0.998723 0.050530 0.000000
0.006596 -0.050529 0.998701 -0.000000
-0.000000 0.135810 0.006871 1.000000
1.000000 0.000000 0.000000 0.000000
0.000000 1.000000 0.000000 0.000000
0.000000 0.000000 1.000000 0.000000
0.000000 0.000000 0.000000 1.000000
BoneName: 743837688
BoneIndex: 7
ParentIndex: 6
ChildCount: 1
8
0.999978 0.000000 0.006603 0.000000
0.001129 0.985274 -0.170979 0.000000
-0.006506 0.170983 0.985252 -0.000000
0.000000 0.135983 -0.000000 1.000000
1.000000 0.000000 0.000000 0.000000
0.000000 1.000000 0.000000 0.000000
0.000000 0.000000 1.000000 0.000000
0.000000 0.000000 0.000000 1.000000
BoneName: 743838008
BoneIndex: 8
ParentIndex: 7
ChildCount: 3
9
18
56
1.000000 0.000000 -0.000000 0.000000
0.000000 1.000000 -0.000000 0.000000
-0.000000 -0.000000 1.000000 -0.000000
-0.000000 0.135984 -0.000000 1.000000
1.000000 0.000000 0.000000 0.000000
0.000000 1.000000 0.000000 0.000000
0.000000 0.000000 1.000000 0.000000
0.000000 0.000000 0.000000 1.000000
BoneName: 743838968
BoneIndex: 9
ParentIndex: 8
ChildCount: 1
10
0.971767 -0.015139 0.235454 0.000000
0.068001 0.973564 -0.218056 0.000000
-0.225929 0.227911 0.947108 -0.000000
-0.000000 0.135983 0.000000 1.000000
1.000000 0.000000 0.000000 0.000000
0.000000 1.000000 0.000000 0.000000
0.000000 0.000000 1.000000 0.000000
0.000000 0.000000 0.000000 1.000000
BoneName: 778890104
BoneIndex: 10
ParentIndex: 9
ChildCount: 1
11
0.974789 -0.047454 0.218026 0.000000
0.066895 0.994329 -0.082669 0.000000
-0.212867 0.095169 0.972435 -0.000000
0.000000 0.033838 0.000000 1.000000
1.000000 0.000000 0.000000 0.000000
0.000000 1.000000 0.000000 0.000000
0.000000 0.000000 1.000000 0.000000
0.000000 0.000000 0.000000 1.000000
BoneName: 778887224
BoneIndex: 11
ParentIndex: 10
ChildCount: 6
12
13
14
15
16
17
0.999909 0.000002 -0.013520 0.000000
0.000472 0.999385 0.035075 0.000000
0.013512 -0.035078 0.999293 -0.000000
-0.000000 0.059207 0.000000 1.000000
1.000000 0.000000 0.000000 0.000000
0.000000 1.000000 0.000000 0.000000
0.000000 0.000000 1.000000 0.000000
0.000000 0.000000 0.000000 1.000000
BoneName: 778892024
BoneIndex: 12
ParentIndex: 11
ChildCount: 0
0.000001 -1.000000 -0.000000 0.000000
-0.467596 -0.000000 0.883942 0.000000
-0.883942 -0.000001 -0.467596 -0.000000
-0.058946 0.054420 -0.024541 1.000000
1.000000 0.000000 0.000000 0.000000
0.000000 1.000000 0.000000 0.000000
0.000000 0.000000 1.000000 0.000000
0.000000 0.000000 0.000000 1.000000
BoneName: 778888824
BoneIndex: 13
ParentIndex: 11
ChildCount: 0
1.000000 0.000000 0.000068 0.000000
-0.000068 -0.092780 0.995687 0.000000
0.000006 -0.995687 -0.092780 -0.000000
-0.000251 0.076117 -0.008570 1.000000
1.000000 0.000000 0.000000 0.000000
0.000000 1.000000 0.000000 0.000000
0.000000 0.000000 1.000000 0.000000
0.000000 0.000000 0.000000 1.000000
BoneName: 778893624
BoneIndex: 14
ParentIndex: 11
ChildCount: 0
1.000000 0.000000 0.000068 0.000000
-0.000068 -0.092780 0.995687 0.000000
0.000006 -0.995687 -0.092780 -0.000000
-0.000242 0.062302 -0.025738 1.000000
1.000000 0.000000 0.000000 0.000000
0.000000 1.000000 0.000000 0.000000
0.000000 0.000000 1.000000 0.000000
0.000000 0.000000 0.000000 1.000000
BoneName: 778893944
BoneIndex: 15
ParentIndex: 11
ChildCount: 0
0.999391 0.002975 -0.034776 0.000000
0.000134 0.996026 0.089059 0.000000
0.034902 -0.089010 0.995419 -0.000000
0.029313 0.056523 -0.090427 1.000000
1.000000 0.000000 0.000000 0.000000
0.000000 1.000000 0.000000 0.000000
0.000000 0.000000 1.000000 0.000000
0.000000 0.000000 0.000000 1.000000
BoneName: 778891384
BoneIndex: 16
ParentIndex: 11
ChildCount: 0
0.999391 0.002975 -0.034776 0.000000
0.000134 0.996026 0.089060 0.000000
0.034902 -0.089010 0.995419 -0.000000
0.029144 0.057819 -0.089650 1.000000
1.000000 0.000000 0.000000 0.000000
0.000000 1.000000 0.000000 0.000000
0.000000 0.000000 1.000000 0.000000
0.000000 0.000000 0.000000 1.000000
BoneName: 778891704
BoneIndex: 17
ParentIndex: 11
ChildCount: 0
1.000000 0.000000 -0.000000 0.000000
0.000000 1.000000 -0.000000 0.000000
-0.000000 -0.000000 1.000000 -0.000000
0.000000 0.059206 -0.000000 1.000000
1.000000 0.000000 0.000000 0.000000
0.000000 1.000000 0.000000 0.000000
0.000000 0.000000 1.000000 0.000000
0.000000 0.000000 0.000000 1.000000
BoneName: 778889144
BoneIndex: 18
ParentIndex: 8
ChildCount: 1
19
0.314309 -0.100556 -0.943980 0.000000
0.929242 -0.170842 0.327601 0.000000
-0.194213 -0.980154 0.039744 -0.000000
0.058529 0.026753 -0.019404 1.000000
1.000000 0.000000 0.000000 0.000000
0.000000 1.000000 0.000000 0.000000
0.000000 0.000000 1.000000 0.000000
0.000000 0.000000 0.000000 1.000000
BoneName: 778890744
BoneIndex: 19
ParentIndex: 18
ChildCount: 2
20
22
0.949938 -0.312403 0.004616 0.000000
0.125254 0.394317 0.910398 0.000000
-0.286232 -0.864244 0.413707 -0.000000
0.000000 0.185584 0.000000 1.000000
1.000000 0.000000 0.000000 0.000000
0.000000 1.000000 0.000000 0.000000
0.000000 0.000000 1.000000 0.000000
0.000000 0.000000 0.000000 1.000000
BoneName: 778887544
BoneIndex: 20
ParentIndex: 19
ChildCount: 1
21
0.999898 -0.000000 -0.014255 0.000000
0.000000 1.000000 0.000002 0.000000
0.014255 -0.000002 0.999898 -0.000000
0.000000 0.000000 -0.000000 1.000000
1.000000 0.000000 0.000000 0.000000
0.000000 1.000000 0.000000 0.000000
0.000000 0.000000 1.000000 0.000000
0.000000 0.000000 0.000000 1.000000
BoneName: 778890424
BoneIndex: 21
ParentIndex: 20
ChildCount: 0
1.000000 0.000000 -0.000000 0.000000
0.000000 1.000000 -0.000000 0.000000
-0.000000 -0.000000 1.000000 -0.000000
0.000000 0.101367 -0.000000 1.000000
1.000000 0.000000 0.000000 0.000000
0.000000 1.000000 0.000000 0.000000
0.000000 0.000000 1.000000 0.000000
0.000000 0.000000 0.000000 1.000000
BoneName: 743938240
BoneIndex: 22
ParentIndex: 19
ChildCount: 3
23
24
26
0.917601 -0.397503 -0.000002 0.000000
0.397503 0.917601 0.000001 0.000000
0.000001 -0.000002 1.000000 -0.000000
0.000000 0.202734 0.000000 1.000000
1.000000 0.000000 0.000000 0.000000
0.000000 1.000000 0.000000 0.000000
0.000000 0.000000 1.000000 0.000000
0.000000 0.000000 0.000000 1.000000
BoneName: 778894264
BoneIndex: 23
ParentIndex: 22
ChildCount: 0
-0.304266 0.628372 -0.715940 0.000000
-0.900040 -0.435808 0.000002 0.000000
-0.312011 0.644375 0.698161 -0.000000
-0.592821 0.760324 0.707891 1.000000
1.000000 0.000000 0.000000 0.000000
0.000000 1.000000 0.000000 0.000000
0.000000 0.000000 1.000000 0.000000
0.000000 0.000000 0.000000 1.000000
BoneName: 778892344
BoneIndex: 24
ParentIndex: 22
ChildCount: 1
25
0.971343 -0.000000 0.237683 0.000000
0.000000 1.000000 0.000000 0.000000
-0.237683 -0.000000 0.971343 -0.000000
-0.000000 0.112597 -0.000000 1.000000
1.000000 0.000000 0.000000 0.000000
0.000000 1.000000 0.000000 0.000000
0.000000 0.000000 1.000000 0.000000
0.000000 0.000000 0.000000 1.000000
BoneName: 743939200
BoneIndex: 25
ParentIndex: 24
ChildCount: 0
1.000000 0.000000 -0.000000 0.000000
0.000000 1.000000 -0.000000 0.000000
-0.000000 -0.000000 1.000000 -0.000000
0.000000 0.168895 -0.000000 1.000000
1.000000 0.000000 0.000000 0.000000
0.000000 1.000000 0.000000 0.000000
0.000000 0.000000 1.000000 0.000000
0.000000 0.000000 0.000000 1.000000
BoneName: 778892984
BoneIndex: 26
ParentIndex: 22
ChildCount: 5
27
33
39
45
51
0.955598 -0.184425 0.229827 0.000000
0.108338 0.945193 0.308014 0.000000
-0.274036 -0.269438 0.923205 -0.000000
-0.000000 0.225193 0.000000 1.000000
1.000000 0.000000 0.000000 0.000000
0.000000 1.000000 0.000000 0.000000
0.000000 0.000000 1.000000 0.000000
0.000000 0.000000 0.000000 1.000000
BoneName: 778889784
BoneIndex: 27
ParentIndex: 26
ChildCount: 1
28
0.999847 -0.017447 -0.001037 0.000000
0.017461 0.999729 0.015393 0.000000
0.000768 -0.015408 0.999881 -0.000000
0.025983 0.042051 0.000649 1.000000
1.000000 0.000000 0.000000 0.000000
0.000000 1.000000 0.000000 0.000000
0.000000 0.000000 1.000000 0.000000
0.000000 0.000000 0.000000 1.000000
BoneName: 778888504
BoneIndex: 28
ParentIndex: 27
ChildCount: 1
29
0.965538 0.256511 0.044033 0.000000
-0.260148 0.946162 0.192615 0.000000
0.007746 -0.197432 0.980286 -0.000000
0.000000 0.071047 0.000000 1.000000
1.000000 0.000000 0.000000 0.000000
0.000000 1.000000 0.000000 0.000000
0.000000 0.000000 1.000000 0.000000
0.000000 0.000000 0.000000 1.000000
BoneName: 778891064
BoneIndex: 29
ParentIndex: 28
ChildCount: 1
30
0.991093 0.090422 -0.097772 0.000000
-0.091093 0.995839 -0.002411 0.000000
0.097147 0.011296 0.995206 -0.000000
0.000000 0.024007 -0.000000 1.000000
1.000000 0.000000 0.000000 0.000000
0.000000 1.000000 0.000000 0.000000
0.000000 0.000000 1.000000 0.000000
0.000000 0.000000 0.000000 1.000000
BoneName: 778887864
BoneIndex: 30
ParentIndex: 29
ChildCount: 2
31
32
0.998662 0.051718 0.000016 0.000000
-0.051460 0.993645 0.100112 0.000000
0.005162 -0.099979 0.994976 -0.000000
0.000000 0.034081 -0.000000 1.000000
1.000000 0.000000 0.000000 0.000000
0.000000 1.000000 0.000000 0.000000
0.000000 0.000000 1.000000 0.000000
0.000000 0.000000 0.000000 1.000000
BoneName: 778889464
BoneIndex: 31
ParentIndex: 30
ChildCount: 0
-0.092369 -0.523957 -0.846721 0.000000
-0.994187 0.001283 0.107663 0.000000
-0.055325 0.851744 -0.521029 -0.000000
-0.929954 -0.134772 0.532723 1.000000
1.000000 0.000000 0.000000 0.000000
0.000000 1.000000 0.000000 0.000000
0.000000 0.000000 1.000000 0.000000
0.000000 0.000000 0.000000 1.000000
BoneName: 778893304
BoneIndex: 32
ParentIndex: 30
ChildCount: 0
1.000000 0.000000 -0.000000 0.000000
0.000000 1.000000 -0.000000 0.000000
-0.000000 -0.000000 1.000000 -0.000000
0.000000 0.034081 -0.000000 1.000000
1.000000 0.000000 0.000000 0.000000
0.000000 1.000000 0.000000 0.000000
0.000000 0.000000 1.000000 0.000000
0.000000 0.000000 0.000000 1.000000
BoneName: 778886904
BoneIndex: 33
ParentIndex: 26
ChildCount: 1
34
0.994927 0.100604 -0.000030 0.000000
-0.100604 0.994925 0.001648 0.000000
0.000196 -0.001636 0.999999 -0.000000
0.008442 0.039607 -0.000176 1.000000
1.000000 0.000000 0.000000 0.000000
0.000000 1.000000 0.000000 0.000000
0.000000 0.000000 1.000000 0.000000
0.000000 0.000000 0.000000 1.000000
BoneName: 778888184
BoneIndex: 34
ParentIndex: 33
ChildCount: 1
35
0.979943 0.197745 0.024662 0.000000
-0.198428 0.956858 0.212249 0.000000
0.018374 -0.212886 0.976904 -0.000000
0.000000 0.073206 -0.000000 1.000000
1.000000 0.000000 0.000000 0.000000
0.000000 1.000000 0.000000 0.000000
0.000000 0.000000 1.000000 0.000000
0.000000 0.000000 0.000000 1.000000
BoneName: 752800216
BoneIndex: 35
ParentIndex: 34
ChildCount: 1
36
0.994695 0.060931 -0.082880 0.000000
-0.043166 0.978567 0.201353 0.000000
0.093372 -0.196707 0.976006 -0.000000
-0.000000 0.028576 -0.000000 1.000000
1.000000 0.000000 0.000000 0.000000
0.000000 1.000000 0.000000 0.000000
0.000000 0.000000 1.000000 0.000000
0.000000 0.000000 0.000000 1.000000
BoneName: 752803736
BoneIndex: 36
ParentIndex: 35
ChildCount: 2
37
38
0.998817 0.004214 0.048446 0.000000
-0.019693 0.945948 0.323719 0.000000
-0.044463 -0.324290 0.944912 -0.000000
0.000000 0.029725 -0.000000 1.000000
1.000000 0.000000 0.000000 0.000000
0.000000 1.000000 0.000000 0.000000
0.000000 0.000000 1.000000 0.000000
0.000000 0.000000 0.000000 1.000000
BoneName: 752805016
BoneIndex: 37
ParentIndex: 36
ChildCount: 0
-0.113337 -0.444055 -0.888802 0.000000
-0.989779 -0.027476 0.139940 0.000000
-0.086562 0.895578 -0.436403 -0.000000
-0.866858 -0.099322 0.590271 1.000000
1.000000 0.000000 0.000000 0.000000
0.000000 1.000000 0.000000 0.000000
0.000000 0.000000 1.000000 0.000000
0.000000 0.000000 0.000000 1.000000
BoneName: 752807256
BoneIndex: 38
ParentIndex: 36
ChildCount: 0
1.000000 0.000000 -0.000000 0.000000
0.000000 1.000000 -0.000000 0.000000
-0.000000 -0.000000 1.000000 -0.000000
0.000000 0.029725 -0.000000 1.000000
1.000000 0.000000 0.000000 0.000000
0.000000 1.000000 0.000000 0.000000
0.000000 0.000000 1.000000 0.000000
0.000000 0.000000 0.000000 1.000000
BoneName: 752807576
BoneIndex: 39
ParentIndex: 26
ChildCount: 1
40
0.943916 0.330175 0.002461 0.000000
-0.330011 0.943152 0.039474 0.000000
0.010712 -0.038072 0.999218 -0.000000
-0.025993 0.033389 0.000515 1.000000
1.000000 0.000000 0.000000 0.000000
0.000000 1.000000 0.000000 0.000000
0.000000 0.000000 1.000000 0.000000
0.000000 0.000000 0.000000 1.000000
BoneName: 752805976
BoneIndex: 40
ParentIndex: 39
ChildCount: 1
41
0.987827 -0.151055 -0.037150 0.000000
0.155409 0.968732 0.193405 0.000000
0.006773 -0.196824 0.980415 -0.000000
-0.000000 0.067533 0.000000 1.000000
1.000000 0.000000 0.000000 0.000000
0.000000 1.000000 0.000000 0.000000
0.000000 0.000000 1.000000 0.000000
0.000000 0.000000 0.000000 1.000000
BoneName: 752802776
BoneIndex: 41
ParentIndex: 40
ChildCount: 1
42
0.996965 -0.067813 0.038246 0.000000
0.033578 0.817729 0.574624 0.000000
-0.070242 -0.571595 0.817524 -0.000000
-0.000000 0.023006 0.000000 1.000000
1.000000 0.000000 0.000000 0.000000
0.000000 1.000000 0.000000 0.000000
0.000000 0.000000 1.000000 0.000000
0.000000 0.000000 0.000000 1.000000
BoneName: 752806616
BoneIndex: 42
ParentIndex: 41
ChildCount: 2
43
44
0.999818 0.014712 0.012173 0.000000
-0.018619 0.892589 0.450486 0.000000
-0.004238 -0.450631 0.892700 -0.000000
0.000000 0.022110 -0.000000 1.000000
1.000000 0.000000 0.000000 0.000000
0.000000 1.000000 0.000000 0.000000
0.000000 0.000000 1.000000 0.000000
0.000000 0.000000 0.000000 1.000000
BoneName: 752805336
BoneIndex: 43
ParentIndex: 42
ChildCount: 0
-0.242480 -0.668025 -0.703524 0.000000
-0.928345 -0.050825 0.368229 0.000000
-0.281743 0.742401 -0.607834 -0.000000
-0.918940 0.169664 0.364765 1.000000
1.000000 0.000000 0.000000 0.000000
0.000000 1.000000 0.000000 0.000000
0.000000 0.000000 1.000000 0.000000
0.000000 0.000000 0.000000 1.000000
BoneName: 752799896
BoneIndex: 44
ParentIndex: 42
ChildCount: 0
1.000000 0.000000 -0.000000 0.000000
0.000000 1.000000 -0.000000 0.000000
-0.000000 -0.000000 1.000000 -0.000000
0.000000 0.022110 -0.000000 1.000000
1.000000 0.000000 0.000000 0.000000
0.000000 1.000000 0.000000 0.000000
0.000000 0.000000 1.000000 0.000000
0.000000 0.000000 0.000000 1.000000
BoneName: 752804376
BoneIndex: 45
ParentIndex: 26
ChildCount: 1
46
0.980537 0.196335 -0.000196 0.000000
-0.196283 0.980298 0.022105 0.000000
0.004532 -0.021636 0.999756 -0.000000
-0.009859 0.037081 0.000300 1.000000
1.000000 0.000000 0.000000 0.000000
0.000000 1.000000 0.000000 0.000000
0.000000 0.000000 1.000000 0.000000
0.000000 0.000000 0.000000 1.000000
BoneName: 752800856
BoneIndex: 46
ParentIndex: 45
ChildCount: 1
47
0.994314 0.105974 0.010462 0.000000
-0.105890 0.973527 0.202567 0.000000
0.011282 -0.202523 0.979213 -0.000000
0.000000 0.072054 0.000000 1.000000
1.000000 0.000000 0.000000 0.000000
0.000000 1.000000 0.000000 0.000000
0.000000 0.000000 1.000000 0.000000
0.000000 0.000000 0.000000 1.000000
BoneName: 752804056
BoneIndex: 47
ParentIndex: 46
ChildCount: 1
48
0.996217 -0.086211 -0.010945 0.000000
0.085438 0.948599 0.304729 0.000000
-0.015888 -0.304512 0.952376 -0.000000
-0.000000 0.024814 0.000000 1.000000
1.000000 0.000000 0.000000 0.000000
0.000000 1.000000 0.000000 0.000000
0.000000 0.000000 1.000000 0.000000
0.000000 0.000000 0.000000 1.000000
BoneName: 752803096
BoneIndex: 48
ParentIndex: 47
ChildCount: 2
49
50
0.982093 0.152966 -0.109975 0.000000
-0.108883 0.937232 0.331271 0.000000
0.153745 -0.313365 0.937105 -0.000000
0.000000 0.029036 -0.000000 1.000000
1.000000 0.000000 0.000000 0.000000
0.000000 1.000000 0.000000 0.000000
0.000000 0.000000 1.000000 0.000000
0.000000 0.000000 0.000000 1.000000
BoneName: 752805656
BoneIndex: 49
ParentIndex: 48
ChildCount: 0
-0.082322 -0.589191 -0.803789 0.000000
-0.995787 0.015937 0.090305 0.000000
-0.040397 0.807837 -0.588021 -0.000000
-0.947612 -0.021013 0.401226 1.000000
1.000000 0.000000 0.000000 0.000000
0.000000 1.000000 0.000000 0.000000
0.000000 0.000000 1.000000 0.000000
0.000000 0.000000 0.000000 1.000000
BoneName: 752806296
BoneIndex: 50
ParentIndex: 48
ChildCount: 0
1.000000 0.000000 -0.000000 0.000000
0.000000 1.000000 -0.000000 0.000000
-0.000000 -0.000000 1.000000 -0.000000
0.000000 0.029036 -0.000000 1.000000
1.000000 0.000000 0.000000 0.000000
0.000000 1.000000 0.000000 0.000000
0.000000 0.000000 1.000000 0.000000
0.000000 0.000000 0.000000 1.000000
BoneName: 752806936
BoneIndex: 51
ParentIndex: 26
ChildCount: 1
52
0.006481 -0.262379 0.964943 0.000000
0.349742 0.904614 0.243626 0.000000
-0.936823 0.335902 0.097628 -0.000000
0.026306 0.036412 0.018970 1.000000
1.000000 0.000000 0.000000 0.000000
0.000000 1.000000 0.000000 0.000000
0.000000 0.000000 1.000000 0.000000
0.000000 0.000000 0.000000 1.000000
BoneName: 752801816
BoneIndex: 52
ParentIndex: 51
ChildCount: 1
53
0.938704 -0.328833 0.103454 0.000000
0.183321 0.730339 0.658026 0.000000
-0.291938 -0.598726 0.745855 -0.000000
0.000000 0.042724 -0.000000 1.000000
1.000000 0.000000 0.000000 0.000000
0.000000 1.000000 0.000000 0.000000
0.000000 0.000000 1.000000 0.000000
0.000000 0.000000 0.000000 1.000000
BoneName: 752800536
BoneIndex: 53
ParentIndex: 52
ChildCount: 2
54
55
0.998051 0.042247 -0.045928 0.000000
-0.043432 0.998741 -0.025103 0.000000
0.044810 0.027049 0.998629 -0.000000
0.000000 0.035478 0.000000 1.000000
1.000000 0.000000 0.000000 0.000000
0.000000 1.000000 0.000000 0.000000
0.000000 0.000000 1.000000 0.000000
0.000000 0.000000 0.000000 1.000000
BoneName: 752801176
BoneIndex: 54
ParentIndex: 53
ChildCount: 0
-0.877582 -0.143188 0.457544 0.000000
0.474854 -0.128116 0.870690 0.000000
-0.066053 0.981368 0.180425 -0.000000
-0.075707 1.056218 0.103377 1.000000
1.000000 0.000000 0.000000 0.000000
0.000000 1.000000 0.000000 0.000000
0.000000 0.000000 1.000000 0.000000
0.000000 0.000000 0.000000 1.000000
BoneName: 752801496
BoneIndex: 55
ParentIndex: 53
ChildCount: 0
1.000000 0.000000 -0.000000 0.000000
0.000000 1.000000 -0.000000 0.000000
-0.000000 -0.000000 1.000000 -0.000000
0.000000 0.035479 -0.000000 1.000000
1.000000 0.000000 0.000000 0.000000
0.000000 1.000000 0.000000 0.000000
0.000000 0.000000 1.000000 0.000000
0.000000 0.000000 0.000000 1.000000
BoneName: 752802136
BoneIndex: 56
ParentIndex: 8
ChildCount: 1
57
0.314309 0.100556 0.943980 0.000000
-0.929242 -0.170842 0.327601 0.000000
0.194214 -0.980154 0.039744 -0.000000
-0.058529 0.026753 -0.019404 1.000000
1.000000 0.000000 0.000000 0.000000
0.000000 1.000000 0.000000 0.000000
0.000000 0.000000 1.000000 0.000000
0.000000 0.000000 0.000000 1.000000
BoneName: 752802456
BoneIndex: 57
ParentIndex: 56
ChildCount: 2
58
60
0.949938 0.312403 -0.004616 0.000000
-0.125254 0.394316 0.910399 0.000000
0.286232 -0.864245 0.413706 -0.000000
-0.000000 0.185584 0.000000 1.000000
1.000000 0.000000 0.000000 0.000000
0.000000 1.000000 0.000000 0.000000
0.000000 0.000000 1.000000 0.000000
0.000000 0.000000 0.000000 1.000000
BoneName: 752803416
BoneIndex: 58
ParentIndex: 57
ChildCount: 1
59
0.999898 -0.000000 0.014256 0.000000
0.000000 1.000000 0.000002 0.000000
-0.014256 -0.000002 0.999898 -0.000000
0.000000 0.000000 -0.000000 1.000000
1.000000 0.000000 0.000000 0.000000
0.000000 1.000000 0.000000 0.000000
0.000000 0.000000 1.000000 0.000000
0.000000 0.000000 0.000000 1.000000
BoneName: 752804696
BoneIndex: 59
ParentIndex: 58
ChildCount: 0
1.000000 0.000000 -0.000000 0.000000
0.000000 1.000000 -0.000000 0.000000
-0.000000 -0.000000 1.000000 -0.000000
0.000000 0.101367 -0.000000 1.000000
1.000000 0.000000 0.000000 0.000000
0.000000 1.000000 0.000000 0.000000
0.000000 0.000000 1.000000 0.000000
0.000000 0.000000 0.000000 1.000000
BoneName: 743938624
BoneIndex: 60
ParentIndex: 57
ChildCount: 3
61
62
64
0.917601 0.397503 0.000001 0.000000
-0.397503 0.917601 0.000001 0.000000
-0.000001 -0.000001 1.000000 -0.000000
-0.000000 0.202734 0.000000 1.000000
1.000000 0.000000 0.000000 0.000000
0.000000 1.000000 0.000000 0.000000
0.000000 0.000000 1.000000 0.000000
0.000000 0.000000 0.000000 1.000000
BoneName: 765336232
BoneIndex: 61
ParentIndex: 60
ChildCount: 0
-0.304266 -0.628372 0.715940 0.000000
0.900040 -0.435808 0.000003 0.000000
0.312011 0.644376 0.698161 -0.000000
0.030247 0.962649 0.693691 1.000000
1.000000 0.000000 0.000000 0.000000
0.000000 1.000000 0.000000 0.000000
0.000000 0.000000 1.000000 0.000000
0.000000 0.000000 0.000000 1.000000
BoneName: 765335912
BoneIndex: 62
ParentIndex: 60
ChildCount: 1
63
0.976740 -0.000000 -0.214429 0.000000
0.000000 1.000000 0.000000 0.000000
0.214429 -0.000000 0.976740 -0.000000
-0.000000 0.112597 -0.000000 1.000000
1.000000 0.000000 0.000000 0.000000
0.000000 1.000000 0.000000 0.000000
0.000000 0.000000 1.000000 0.000000
0.000000 0.000000 0.000000 1.000000
BoneName: 743937376
BoneIndex: 63
ParentIndex: 62
ChildCount: 0
1.000000 0.000000 -0.000000 0.000000
0.000000 1.000000 -0.000000 0.000000
-0.000000 -0.000000 1.000000 -0.000000
0.000000 0.168895 -0.000000 1.000000
1.000000 0.000000 0.000000 0.000000
0.000000 1.000000 0.000000 0.000000
0.000000 0.000000 1.000000 0.000000
0.000000 0.000000 0.000000 1.000000
BoneName: 765335272
BoneIndex: 64
ParentIndex: 60
ChildCount: 5
65
71
77
83
89
0.973115 0.084418 -0.214289 0.000000
-0.046574 0.983311 0.175871 0.000000
0.225560 -0.161163 0.960807 -0.000000
0.000000 0.225194 0.000000 1.000000
1.000000 0.000000 0.000000 0.000000
0.000000 1.000000 0.000000 0.000000
0.000000 0.000000 1.000000 0.000000
0.000000 0.000000 0.000000 1.000000
BoneName: 765332712
BoneIndex: 65
ParentIndex: 64
ChildCount: 1
66
0.999847 0.017446 0.001038 0.000000
-0.017460 0.999729 0.015393 0.000000
-0.000769 -0.015409 0.999881 -0.000000
-0.025983 0.042051 0.000649 1.000000
1.000000 0.000000 0.000000 0.000000
0.000000 1.000000 0.000000 0.000000
0.000000 0.000000 1.000000 0.000000
0.000000 0.000000 0.000000 1.000000
BoneName: 765331432
BoneIndex: 66
ParentIndex: 65
ChildCount: 1
67
0.965538 -0.256509 -0.044030 0.000000
0.260145 0.946162 0.192617 0.000000
-0.007748 -0.197433 0.980286 -0.000000
-0.000000 0.071047 0.000000 1.000000
1.000000 0.000000 0.000000 0.000000
0.000000 1.000000 0.000000 0.000000
0.000000 0.000000 1.000000 0.000000
0.000000 0.000000 0.000000 1.000000
BoneName: 765331112
BoneIndex: 67
ParentIndex: 66
ChildCount: 1
68
0.991092 -0.090425 0.097773 0.000000
0.091096 0.995839 -0.002410 0.000000
-0.097148 0.011295 0.995206 -0.000000
0.000000 0.024007 0.000000 1.000000
1.000000 0.000000 0.000000 0.000000
0.000000 1.000000 0.000000 0.000000
0.000000 0.000000 1.000000 0.000000
0.000000 0.000000 0.000000 1.000000
BoneName: 765335592
BoneIndex: 68
ParentIndex: 67
ChildCount: 2
69
70
0.998662 -0.051718 -0.000023 0.000000
0.051460 0.993645 0.100104 0.000000
-0.005154 -0.099972 0.994977 -0.000000
0.000000 0.034081 -0.000000 1.000000
1.000000 0.000000 0.000000 0.000000
0.000000 1.000000 0.000000 0.000000
0.000000 0.000000 1.000000 0.000000
0.000000 0.000000 0.000000 1.000000
BoneName: 765334632
BoneIndex: 69
ParentIndex: 68
ChildCount: 0
-0.092370 0.523957 0.846721 0.000000
0.994186 0.001282 0.107664 0.000000
0.055325 0.851744 -0.521030 -0.000000
-0.159899 0.817500 -0.244804 1.000000
1.000000 0.000000 0.000000 0.000000
0.000000 1.000000 0.000000 0.000000
0.000000 0.000000 1.000000 0.000000
0.000000 0.000000 0.000000 1.000000
BoneName: 765336872
BoneIndex: 70
ParentIndex: 68
ChildCount: 0
1.000000 0.000000 -0.000000 0.000000
0.000000 1.000000 -0.000000 0.000000
-0.000000 -0.000000 1.000000 -0.000000
0.000000 0.034081 -0.000000 1.000000
1.000000 0.000000 0.000000 0.000000
0.000000 1.000000 0.000000 0.000000
0.000000 0.000000 1.000000 0.000000
0.000000 0.000000 0.000000 1.000000
BoneName: 765337192
BoneIndex: 71
ParentIndex: 64
ChildCount: 1
72
0.994927 -0.100605 0.000032 0.000000
0.100604 0.994925 0.001649 0.000000
-0.000198 -0.001638 0.999999 -0.000000
-0.008442 0.039608 -0.000176 1.000000
1.000000 0.000000 0.000000 0.000000
0.000000 1.000000 0.000000 0.000000
0.000000 0.000000 1.000000 0.000000
0.000000 0.000000 0.000000 1.000000
BoneName: 765334952
BoneIndex: 72
ParentIndex: 71
ChildCount: 1
73
0.979943 -0.197745 -0.024665 0.000000
0.198429 0.956858 0.212246 0.000000
-0.018369 -0.212883 0.976905 -0.000000
0.000000 0.073206 0.000000 1.000000
1.000000 0.000000 0.000000 0.000000
0.000000 1.000000 0.000000 0.000000
0.000000 0.000000 1.000000 0.000000
0.000000 0.000000 0.000000 1.000000
BoneName: 765331752
BoneIndex: 73
ParentIndex: 72
ChildCount: 1
74
0.994694 -0.060936 0.082891 0.000000
0.043167 0.978565 0.201365 0.000000
-0.093385 -0.196718 0.976003 -0.000000
-0.000000 0.028576 0.000000 1.000000
1.000000 0.000000 0.000000 0.000000
0.000000 1.000000 0.000000 0.000000
0.000000 0.000000 1.000000 0.000000
0.000000 0.000000 0.000000 1.000000
BoneName: 765333992
BoneIndex: 74
ParentIndex: 73
ChildCount: 2
75
76
0.998816 -0.004209 -0.048458 0.000000
0.019692 0.945953 0.323707 0.000000
0.044477 -0.324278 0.944916 -0.000000
-0.000000 0.029724 0.000000 1.000000
1.000000 0.000000 0.000000 0.000000
0.000000 1.000000 0.000000 0.000000
0.000000 0.000000 1.000000 0.000000
0.000000 0.000000 0.000000 1.000000
BoneName: 765337512
BoneIndex: 75
ParentIndex: 74
ChildCount: 0
-0.113338 0.444056 0.888802 0.000000
0.989779 -0.027475 0.139941 0.000000
0.086561 0.895578 -0.436403 -0.000000
-0.169023 0.460538 -0.713639 1.000000
1.000000 0.000000 0.000000 0.000000
0.000000 1.000000 0.000000 0.000000
0.000000 0.000000 1.000000 0.000000
0.000000 0.000000 0.000000 1.000000
BoneName: 765330792
BoneIndex: 76
ParentIndex: 74
ChildCount: 0
1.000000 0.000000 -0.000000 0.000000
0.000000 1.000000 -0.000000 0.000000
-0.000000 -0.000000 1.000000 -0.000000
0.000000 0.029725 -0.000000 1.000000
1.000000 0.000000 0.000000 0.000000
0.000000 1.000000 0.000000 0.000000
0.000000 0.000000 1.000000 0.000000
0.000000 0.000000 0.000000 1.000000
BoneName: 765330152
BoneIndex: 77
ParentIndex: 64
ChildCount: 1
78
0.943916 -0.330175 -0.002461 0.000000
0.330011 0.943151 0.039475 0.000000
-0.010713 -0.038073 0.999218 -0.000000
0.025993 0.033388 0.000515 1.000000
1.000000 0.000000 0.000000 0.000000
0.000000 1.000000 0.000000 0.000000
0.000000 0.000000 1.000000 0.000000
0.000000 0.000000 0.000000 1.000000
BoneName: 765329832
BoneIndex: 78
ParentIndex: 77
ChildCount: 1
79
0.987827 0.151050 0.037175 0.000000
-0.155409 0.968729 0.193424 0.000000
-0.006796 -0.196846 0.980411 -0.000000
-0.000000 0.067533 -0.000000 1.000000
1.000000 0.000000 0.000000 0.000000
0.000000 1.000000 0.000000 0.000000
0.000000 0.000000 1.000000 0.000000
0.000000 0.000000 0.000000 1.000000
BoneName: 765330472
BoneIndex: 79
ParentIndex: 78
ChildCount: 1
80
0.996962 0.067823 -0.038293 0.000000
-0.033561 0.817750 0.574594 0.000000
0.070285 -0.571563 0.817542 -0.000000
-0.000000 0.023006 -0.000000 1.000000
1.000000 0.000000 0.000000 0.000000
0.000000 1.000000 0.000000 0.000000
0.000000 0.000000 1.000000 0.000000
0.000000 0.000000 0.000000 1.000000
BoneName: 765332072
BoneIndex: 80
ParentIndex: 79
ChildCount: 2
81
82
0.999818 -0.014710 -0.012151 0.000000
0.018607 0.892581 0.450504 0.000000
0.004218 -0.450648 0.892692 -0.000000
0.000000 0.022110 -0.000000 1.000000
1.000000 0.000000 0.000000 0.000000
0.000000 1.000000 0.000000 0.000000
0.000000 0.000000 1.000000 0.000000
0.000000 0.000000 0.000000 1.000000
BoneName: 765332392
BoneIndex: 81
ParentIndex: 80
ChildCount: 0
-0.242480 0.668025 0.703524 0.000000
0.928345 -0.050825 0.368228 0.000000
0.281742 0.742401 -0.607834 -0.000000
-0.006733 -0.490240 -0.751148 1.000000
1.000000 0.000000 0.000000 0.000000
0.000000 1.000000 0.000000 0.000000
0.000000 0.000000 1.000000 0.000000
0.000000 0.000000 0.000000 1.000000
BoneName: 765333032
BoneIndex: 82
ParentIndex: 80
ChildCount: 0
1.000000 0.000000 -0.000000 0.000000
0.000000 1.000000 -0.000000 0.000000
-0.000000 -0.000000 1.000000 -0.000000
0.000000 0.022110 -0.000000 1.000000
1.000000 0.000000 0.000000 0.000000
0.000000 1.000000 0.000000 0.000000
0.000000 0.000000 1.000000 0.000000
0.000000 0.000000 0.000000 1.000000
BoneName: 765333352
BoneIndex: 83
ParentIndex: 64
ChildCount: 1
84
0.980537 -0.196335 0.000197 0.000000
0.196283 0.980298 0.022106 0.000000
-0.004533 -0.021637 0.999756 -0.000000
0.009859 0.037081 0.000300 1.000000
1.000000 0.000000 0.000000 0.000000
0.000000 1.000000 0.000000 0.000000
0.000000 0.000000 1.000000 0.000000
0.000000 0.000000 0.000000 1.000000
BoneName: 765333672
BoneIndex: 84
ParentIndex: 83
ChildCount: 1
85
0.994314 -0.105975 -0.010467 0.000000
0.105892 0.973527 0.202562 0.000000
-0.011276 -0.202518 0.979214 -0.000000
0.000000 0.072053 0.000000 1.000000
1.000000 0.000000 0.000000 0.000000
0.000000 1.000000 0.000000 0.000000
0.000000 0.000000 1.000000 0.000000
0.000000 0.000000 0.000000 1.000000
BoneName: 765313976
BoneIndex: 85
ParentIndex: 84
ChildCount: 1
86
0.996217 0.086210 0.010959 0.000000
-0.085442 0.948595 0.304740 0.000000
0.015876 -0.304524 0.952372 -0.000000
0.000000 0.024814 -0.000000 1.000000
1.000000 0.000000 0.000000 0.000000
0.000000 1.000000 0.000000 0.000000
0.000000 0.000000 1.000000 0.000000
0.000000 0.000000 0.000000 1.000000
BoneName: 765312056
BoneIndex: 86
ParentIndex: 85
ChildCount: 2
87
88
0.982094 -0.152966 0.109968 0.000000
0.108887 0.937234 0.331264 0.000000
-0.153738 -0.313358 0.937108 -0.000000
-0.000000 0.029036 0.000000 1.000000
1.000000 0.000000 0.000000 0.000000
0.000000 1.000000 0.000000 0.000000
0.000000 0.000000 1.000000 0.000000
0.000000 0.000000 0.000000 1.000000
BoneName: 765314616
BoneIndex: 87
ParentIndex: 86
ChildCount: 0
-0.082322 0.589192 0.803789 0.000000
0.995787 0.015936 0.090305 0.000000
0.040398 0.807836 -0.588021 -0.000000
-0.249343 -0.019027 -0.839589 1.000000
1.000000 0.000000 0.000000 0.000000
0.000000 1.000000 0.000000 0.000000
0.000000 0.000000 1.000000 0.000000
0.000000 0.000000 0.000000 1.000000
BoneName: 765314936
BoneIndex: 88
ParentIndex: 86
ChildCount: 0
1.000000 0.000000 -0.000000 0.000000
0.000000 1.000000 -0.000000 0.000000
-0.000000 -0.000000 1.000000 -0.000000
0.000000 0.029036 -0.000000 1.000000
1.000000 0.000000 0.000000 0.000000
0.000000 1.000000 0.000000 0.000000
0.000000 0.000000 1.000000 0.000000
0.000000 0.000000 0.000000 1.000000
BoneName: 765313656
BoneIndex: 89
ParentIndex: 64
ChildCount: 1
90
0.006483 0.262381 -0.964943 0.000000
-0.349742 0.904614 0.243627 0.000000
0.936823 0.335902 0.097630 -0.000000
-0.026306 0.036412 0.018970 1.000000
1.000000 0.000000 0.000000 0.000000
0.000000 1.000000 0.000000 0.000000
0.000000 0.000000 1.000000 0.000000
0.000000 0.000000 0.000000 1.000000
BoneName: 765313336
BoneIndex: 90
ParentIndex: 89
ChildCount: 1
91
0.938705 0.328832 -0.103450 0.000000
-0.183324 0.730340 0.658025 0.000000
0.291933 -0.598726 0.745856 -0.000000
0.000000 0.042724 -0.000000 1.000000
1.000000 0.000000 0.000000 0.000000
0.000000 1.000000 0.000000 0.000000
0.000000 0.000000 1.000000 0.000000
0.000000 0.000000 0.000000 1.000000
BoneName: 765310456
BoneIndex: 91
ParentIndex: 90
ChildCount: 2
92
93
0.998051 -0.042256 0.045918 0.000000
0.043440 0.998741 -0.025099 0.000000
-0.044800 0.027045 0.998630 -0.000000
0.000000 0.035479 -0.000000 1.000000
1.000000 0.000000 0.000000 0.000000
0.000000 1.000000 0.000000 0.000000
0.000000 0.000000 1.000000 0.000000
0.000000 0.000000 0.000000 1.000000
BoneName: 765315576
BoneIndex: 92
ParentIndex: 91
ChildCount: 0
-0.877583 0.143187 -0.457544 0.000000
-0.474854 -0.128116 0.870690 0.000000
0.066053 0.981368 0.180425 -0.000000
0.157342 0.890760 -0.035842 1.000000
1.000000 0.000000 0.000000 0.000000
0.000000 1.000000 0.000000 0.000000
0.000000 0.000000 1.000000 0.000000
0.000000 0.000000 0.000000 1.000000
BoneName: 765316536
BoneIndex: 93
ParentIndex: 91
ChildCount: 0
1.000000 0.000000 -0.000000 0.000000
0.000000 1.000000 -0.000000 0.000000
-0.000000 -0.000000 1.000000 -0.000000
0.000000 0.035479 -0.000000 1.000000
1.000000 0.000000 0.000000 0.000000
0.000000 1.000000 0.000000 0.000000
0.000000 0.000000 1.000000 0.000000
0.000000 0.000000 0.000000 1.000000
BoneName: 765315896
BoneIndex: 94
ParentIndex: 5
ChildCount: 2
95
101
0.456335 -0.042397 -0.888797 0.000000
0.110224 -0.988478 0.103744 0.000000
-0.882955 -0.145308 -0.446404 -0.000000
0.078131 -0.000000 0.000001 1.000000
1.000000 0.000000 0.000000 0.000000
0.000000 1.000000 0.000000 0.000000
0.000000 0.000000 1.000000 0.000000
0.000000 0.000000 0.000000 1.000000
BoneName: 765315256
BoneIndex: 95
ParentIndex: 94
ChildCount: 2
96
99
0.972440 0.233153 0.000000 0.000000
-0.233153 0.972440 0.000000 0.000000
0.000000 -0.000000 1.000000 -0.000000
0.000000 0.415428 0.000000 1.000000
1.000000 0.000000 0.000000 0.000000
0.000000 1.000000 0.000000 0.000000
0.000000 0.000000 1.000000 0.000000
0.000000 0.000000 0.000000 1.000000
BoneName: 765311416
BoneIndex: 96
ParentIndex: 95
ChildCount: 1
97
-0.004437 -0.108711 0.994063 0.000000
0.973784 0.225616 0.029019 0.000000
-0.227431 0.968132 0.104860 -0.000000
-0.000000 0.414442 0.000000 1.000000
1.000000 0.000000 0.000000 0.000000
0.000000 1.000000 0.000000 0.000000
0.000000 0.000000 1.000000 0.000000
0.000000 0.000000 0.000000 1.000000
BoneName: 765310776
BoneIndex: 97
ParentIndex: 96
ChildCount: 1
98
-1.000000 0.000001 -0.000005 0.000000
0.000002 0.972150 -0.234360 0.000000
0.000005 -0.234360 -0.972150 -0.000000
0.000000 0.126145 0.000000 1.000000
1.000000 0.000000 0.000000 0.000000
0.000000 1.000000 0.000000 0.000000
0.000000 0.000000 1.000000 0.000000
0.000000 0.000000 0.000000 1.000000
BoneName: 765316856
BoneIndex: 98
ParentIndex: 97
ChildCount: 0
1.000000 0.000000 -0.000000 0.000000
0.000000 1.000000 -0.000000 0.000000
-0.000000 -0.000000 1.000000 -0.000000
0.000000 0.126147 -0.000000 1.000000
1.000000 0.000000 0.000000 0.000000
0.000000 1.000000 0.000000 0.000000
0.000000 0.000000 1.000000 0.000000
0.000000 0.000000 0.000000 1.000000
BoneName: 765311736
BoneIndex: 99
ParentIndex: 95
ChildCount: 1
100
0.999821 -0.000000 0.018912 0.000000
0.000000 1.000000 0.000000 0.000000
-0.018912 -0.000000 0.999821 -0.000000
0.000000 0.207221 0.000000 1.000000
1.000000 0.000000 0.000000 0.000000
0.000000 1.000000 0.000000 0.000000
0.000000 0.000000 1.000000 0.000000
0.000000 0.000000 0.000000 1.000000
BoneName: 765316216
BoneIndex: 100
ParentIndex: 99
ChildCount: 0
1.000000 0.000000 -0.000000 0.000000
0.000000 1.000000 -0.000000 0.000000
-0.000000 -0.000000 1.000000 -0.000000
0.000000 0.310831 -0.000000 1.000000
1.000000 0.000000 0.000000 0.000000
0.000000 1.000000 0.000000 0.000000
0.000000 0.000000 1.000000 0.000000
0.000000 0.000000 0.000000 1.000000
BoneName: 765311096
BoneIndex: 101
ParentIndex: 94
ChildCount: 1
102
0.916965 -0.000002 0.398967 0.000000
0.000002 1.000000 0.000001 0.000000
-0.398967 -0.000001 0.916965 -0.000000
0.000000 0.000000 -0.000000 1.000000
1.000000 0.000000 0.000000 0.000000
0.000000 1.000000 0.000000 0.000000
0.000000 0.000000 1.000000 0.000000
0.000000 0.000000 0.000000 1.000000
BoneName: 743938720
BoneIndex: 102
ParentIndex: 101
ChildCount: 0
1.000000 0.000000 -0.000000 0.000000
0.000000 1.000000 -0.000000 0.000000
-0.000000 -0.000000 1.000000 -0.000000
0.000000 0.207714 -0.000000 1.000000
1.000000 0.000000 0.000000 0.000000
0.000000 1.000000 0.000000 0.000000
0.000000 0.000000 1.000000 0.000000
0.000000 0.000000 0.000000 1.000000
BoneName: 765309176
BoneIndex: 103
ParentIndex: 5
ChildCount: 2
104
110
0.175729 0.193951 0.965144 0.000000
-0.175212 -0.958585 0.224535 0.000000
0.968721 -0.208563 -0.134469 -0.000000
-0.078131 -0.000000 -0.000001 1.000000
1.000000 0.000000 0.000000 0.000000
0.000000 1.000000 0.000000 0.000000
0.000000 0.000000 1.000000 0.000000
0.000000 0.000000 0.000000 1.000000
BoneName: 765312376
BoneIndex: 104
ParentIndex: 103
ChildCount: 2
105
108
0.999987 -0.005133 0.000000 0.000000
0.005133 0.999987 0.000000 0.000000
-0.000000 -0.000000 1.000000 -0.000000
-0.000000 0.415428 0.000000 1.000000
1.000000 0.000000 0.000000 0.000000
0.000000 1.000000 0.000000 0.000000
0.000000 0.000000 1.000000 0.000000
0.000000 0.000000 0.000000 1.000000
BoneName: 765312696
BoneIndex: 105
ParentIndex: 104
ChildCount: 1
106
-0.075908 0.183394 -0.980104 0.000000
-0.927800 0.347092 0.136804 0.000000
0.365275 0.919725 0.143806 -0.000000
0.000000 0.414442 0.000000 1.000000
1.000000 0.000000 0.000000 0.000000
0.000000 1.000000 0.000000 0.000000
0.000000 0.000000 1.000000 0.000000
0.000000 0.000000 0.000000 1.000000
BoneName: 765309816
BoneIndex: 106
ParentIndex: 105
ChildCount: 1
107
-0.999923 -0.012419 0.000778 0.000000
-0.012098 0.955583 -0.294474 0.000000
0.002913 -0.294461 -0.955659 -0.000000
0.000000 0.126145 -0.000000 1.000000
1.000000 0.000000 0.000000 0.000000
0.000000 1.000000 0.000000 0.000000
0.000000 0.000000 1.000000 0.000000
0.000000 0.000000 0.000000 1.000000
BoneName: 765310136
BoneIndex: 107
ParentIndex: 106
ChildCount: 0
1.000000 0.000000 -0.000000 0.000000
0.000000 1.000000 -0.000000 0.000000
-0.000000 -0.000000 1.000000 -0.000000
0.000000 0.126147 -0.000000 1.000000
1.000000 0.000000 0.000000 0.000000
0.000000 1.000000 0.000000 0.000000
0.000000 0.000000 1.000000 0.000000
0.000000 0.000000 0.000000 1.000000
BoneName: 765313016
BoneIndex: 108
ParentIndex: 104
ChildCount: 1
109
0.994462 -0.000000 -0.105092 0.000000
0.000000 1.000000 -0.000000 0.000000
0.105092 0.000000 0.994462 -0.000000
0.000000 0.207221 0.000000 1.000000
1.000000 0.000000 0.000000 0.000000
0.000000 1.000000 0.000000 0.000000
0.000000 0.000000 1.000000 0.000000
0.000000 0.000000 0.000000 1.000000
BoneName: 765314296
BoneIndex: 109
ParentIndex: 108
ChildCount: 0
1.000000 0.000000 -0.000000 0.000000
0.000000 1.000000 -0.000000 0.000000
-0.000000 -0.000000 1.000000 -0.000000
0.000000 0.310831 -0.000000 1.000000
1.000000 0.000000 0.000000 0.000000
0.000000 1.000000 0.000000 0.000000
0.000000 0.000000 1.000000 0.000000
0.000000 0.000000 0.000000 1.000000
BoneName: 754260776
BoneIndex: 110
ParentIndex: 103
ChildCount: 1
111
0.995735 0.000001 -0.092256 0.000000
-0.000001 1.000000 0.000001 0.000000
0.092256 -0.000001 0.995735 -0.000000
0.000000 0.000000 -0.000000 1.000000
1.000000 0.000000 0.000000 0.000000
0.000000 1.000000 0.000000 0.000000
